1.001665000000000028e+00
1.003335000000000088e+00
1.004999999999999893e+00
1.006664999999999921e+00
1.008334999999999981e+00
1.010000000000000009e+00
1.011665000000000036e+00
1.013335000000000097e+00
1.014999999999999902e+00
1.016664999999999930e+00
1.018334999999999990e+00
1.020000000000000018e+00
1.021665000000000045e+00
1.023335000000000106e+00
1.024999999999999911e+00
1.026664999999999939e+00
1.028334999999999999e+00
1.030000000000000027e+00
1.031665000000000054e+00
1.033334999999999892e+00
1.034999999999999920e+00
1.036664999999999948e+00
1.038335000000000008e+00
1.040000000000000036e+00
1.041665000000000063e+00
1.043334999999999901e+00
1.044999999999999929e+00
1.046664999999999957e+00
1.048335000000000017e+00
1.050000000000000044e+00
1.051665000000000072e+00
1.053334999999999910e+00
1.054999999999999938e+00
1.056664999999999965e+00
1.058335000000000026e+00
1.060000000000000053e+00
1.061665000000000081e+00
1.063334999999999919e+00
1.064999999999999947e+00
1.066664999999999974e+00
1.068335000000000035e+00
1.070000000000000062e+00
1.071665000000000090e+00
1.073334999999999928e+00
1.074999999999999956e+00
1.076664999999999983e+00
1.078335000000000043e+00
1.080000000000000071e+00
1.081665000000000099e+00
1.083334999999999937e+00
1.084999999999999964e+00
1.086664999999999992e+00
1.088335000000000052e+00
1.090000000000000080e+00
1.091665000000000108e+00
1.093334999999999946e+00
1.094999999999999973e+00
1.096665000000000001e+00
1.098335000000000061e+00
1.100000000000000089e+00
1.101664999999999894e+00
1.103334999999999955e+00
1.104999999999999982e+00
1.106665000000000010e+00
1.108335000000000070e+00
1.110000000000000098e+00
1.111664999999999903e+00
1.113334999999999964e+00
1.114999999999999991e+00
1.116665000000000019e+00
1.118335000000000079e+00
1.120000000000000107e+00
1.121664999999999912e+00
1.123334999999999972e+00
1.125000000000000000e+00
1.126665000000000028e+00
1.128335000000000088e+00
1.129999999999999893e+00
1.131664999999999921e+00
1.133334999999999981e+00
1.135000000000000009e+00
1.136665000000000036e+00
1.138335000000000097e+00
1.139999999999999902e+00
1.141664999999999930e+00
1.143334999999999990e+00
1.145000000000000018e+00
1.146665000000000045e+00
1.148335000000000106e+00
1.149999999999999911e+00
1.151664999999999939e+00
1.153334999999999999e+00
1.155000000000000027e+00
1.156665000000000054e+00
1.158334999999999892e+00
1.159999999999999920e+00
1.161664999999999948e+00
1.163335000000000008e+00
1.165000000000000036e+00
1.166665000000000063e+00
1.168334999999999901e+00
1.169999999999999929e+00
1.171664999999999957e+00
1.173335000000000017e+00
1.175000000000000044e+00
1.176665000000000072e+00
1.178334999999999910e+00
1.179999999999999938e+00
1.181664999999999965e+00
1.183335000000000026e+00
1.185000000000000053e+00
1.186665000000000081e+00
1.188334999999999919e+00
1.189999999999999947e+00
1.191664999999999974e+00
1.193335000000000035e+00
1.195000000000000062e+00
1.196665000000000090e+00
1.198334999999999928e+00
1.199999999999999956e+00
1.201664999999999983e+00
1.203335000000000043e+00
1.205000000000000071e+00
1.206665000000000099e+00
1.208334999999999937e+00
1.209999999999999964e+00
1.211664999999999992e+00
1.213335000000000052e+00
1.215000000000000080e+00
1.216665000000000108e+00
1.218334999999999946e+00
1.219999999999999973e+00
1.221665000000000001e+00
1.223335000000000061e+00
1.225000000000000089e+00
1.226664999999999894e+00
1.228334999999999955e+00
1.229999999999999982e+00
1.231665000000000010e+00
1.233335000000000070e+00
1.235000000000000098e+00
1.236664999999999903e+00
1.238334999999999964e+00
1.239999999999999991e+00
1.241665000000000019e+00
1.243335000000000079e+00
1.245000000000000107e+00
1.246664999999999912e+00
1.248334999999999972e+00
1.250000000000000000e+00
1.251665000000000028e+00
1.253335000000000088e+00
1.254999999999999893e+00
1.256664999999999921e+00
1.258334999999999981e+00
1.260000000000000009e+00
1.261665000000000036e+00
1.263335000000000097e+00
1.264999999999999902e+00
1.266664999999999930e+00
1.268334999999999990e+00
1.270000000000000018e+00
1.271665000000000045e+00
1.273335000000000106e+00
1.274999999999999911e+00
1.276664999999999939e+00
1.278334999999999999e+00
1.280000000000000027e+00
1.281665000000000054e+00
1.283334999999999892e+00
1.284999999999999920e+00
1.286664999999999948e+00
1.288335000000000008e+00
1.290000000000000036e+00
1.291665000000000063e+00
1.293334999999999901e+00
1.294999999999999929e+00
1.296664999999999957e+00
1.298335000000000017e+00
1.300000000000000044e+00
1.301665000000000072e+00
1.303334999999999910e+00
1.304999999999999938e+00
1.306664999999999965e+00
1.308335000000000026e+00
1.310000000000000053e+00
1.311665000000000081e+00
1.313334999999999919e+00
1.314999999999999947e+00
1.316664999999999974e+00
1.318335000000000035e+00
1.320000000000000062e+00
1.321665000000000090e+00
1.323334999999999928e+00
1.324999999999999956e+00
1.326664999999999983e+00
1.328335000000000043e+00
1.330000000000000071e+00
1.331665000000000099e+00
1.333334999999999937e+00
1.334999999999999964e+00
1.336664999999999992e+00
1.338335000000000052e+00
1.340000000000000080e+00
1.341665000000000108e+00
1.343334999999999946e+00
1.344999999999999973e+00
1.346665000000000001e+00
1.348335000000000061e+00
1.350000000000000089e+00
1.351664999999999894e+00
1.353334999999999955e+00
1.354999999999999982e+00
1.356665000000000010e+00
1.358335000000000070e+00
1.360000000000000098e+00
1.361664999999999903e+00
1.363334999999999964e+00
1.364999999999999991e+00
1.366665000000000019e+00
1.368335000000000079e+00
1.370000000000000107e+00
1.371664999999999912e+00
1.373334999999999972e+00
1.375000000000000000e+00
1.376665000000000028e+00
1.378335000000000088e+00
1.379999999999999893e+00
1.381664999999999921e+00
1.383334999999999981e+00
1.385000000000000009e+00
1.386665000000000036e+00
1.388335000000000097e+00
1.389999999999999902e+00
1.391664999999999930e+00
1.393334999999999990e+00
1.395000000000000018e+00
1.396665000000000045e+00
1.398335000000000106e+00
1.399999999999999911e+00
1.401664999999999939e+00
1.403334999999999999e+00
1.405000000000000027e+00
1.406665000000000054e+00
1.408334999999999892e+00
1.409999999999999920e+00
1.411664999999999948e+00
1.413335000000000008e+00
1.415000000000000036e+00
1.416665000000000063e+00
1.418334999999999901e+00
1.419999999999999929e+00
1.421664999999999957e+00
1.423335000000000017e+00
1.425000000000000044e+00
1.426665000000000072e+00
1.428334999999999910e+00
1.429999999999999938e+00
1.431664999999999965e+00
1.433335000000000026e+00
1.435000000000000053e+00
1.436665000000000081e+00
1.438334999999999919e+00
1.439999999999999947e+00
1.441664999999999974e+00
1.443335000000000035e+00
1.445000000000000062e+00
1.446665000000000090e+00
1.448334999999999928e+00
1.449999999999999956e+00
1.451664999999999983e+00
1.453335000000000043e+00
1.455000000000000071e+00
1.456665000000000099e+00
1.458334999999999937e+00
1.459999999999999964e+00
1.461664999999999992e+00
1.463335000000000052e+00
1.465000000000000080e+00
1.466665000000000108e+00
1.468334999999999946e+00
1.469999999999999973e+00
1.471665000000000001e+00
1.473335000000000061e+00
1.475000000000000089e+00
1.476664999999999894e+00
1.478334999999999955e+00
1.479999999999999982e+00
1.481665000000000010e+00
1.483335000000000070e+00
1.485000000000000098e+00
1.486664999999999903e+00
1.488334999999999964e+00
1.489999999999999991e+00
1.491665000000000019e+00
1.493335000000000079e+00
1.495000000000000107e+00
1.496664999999999912e+00
1.498334999999999972e+00
1.500000000000000000e+00
1.501665000000000028e+00
1.503335000000000088e+00
1.504999999999999893e+00
1.506664999999999921e+00
1.508334999999999981e+00
1.510000000000000009e+00
1.511665000000000036e+00
1.513335000000000097e+00
1.514999999999999902e+00
1.516664999999999930e+00
1.518334999999999990e+00
1.520000000000000018e+00
1.521665000000000045e+00
1.523335000000000106e+00
1.524999999999999911e+00
1.526664999999999939e+00
1.528334999999999999e+00
1.530000000000000027e+00
1.531665000000000054e+00
1.533334999999999892e+00
1.534999999999999920e+00
1.536664999999999948e+00
1.538335000000000008e+00
1.540000000000000036e+00
1.541665000000000063e+00
1.543334999999999901e+00
1.544999999999999929e+00
1.546664999999999957e+00
1.548335000000000017e+00
1.550000000000000044e+00
1.551665000000000072e+00
1.553334999999999910e+00
1.554999999999999938e+00
1.556664999999999965e+00
1.558335000000000026e+00
1.560000000000000053e+00
1.561665000000000081e+00
1.563334999999999919e+00
1.564999999999999947e+00
1.566664999999999974e+00
1.568335000000000035e+00
1.570000000000000062e+00
1.571665000000000090e+00
1.573334999999999928e+00
1.574999999999999956e+00
1.576664999999999983e+00
1.578335000000000043e+00
1.580000000000000071e+00
1.581665000000000099e+00
1.583334999999999937e+00
1.584999999999999964e+00
1.586664999999999992e+00
1.588335000000000052e+00
1.590000000000000080e+00
1.591665000000000108e+00
1.593334999999999946e+00
1.594999999999999973e+00
1.596665000000000001e+00
1.598335000000000061e+00
1.600000000000000089e+00
1.601664999999999894e+00
1.603334999999999955e+00
1.604999999999999982e+00
1.606665000000000010e+00
1.608335000000000070e+00
1.610000000000000098e+00
1.611664999999999903e+00
1.613334999999999964e+00
1.614999999999999991e+00
1.616665000000000019e+00
1.618335000000000079e+00
1.620000000000000107e+00
1.621664999999999912e+00
1.623334999999999972e+00
1.625000000000000000e+00
1.626665000000000028e+00
1.628335000000000088e+00
1.629999999999999893e+00
1.631664999999999921e+00
1.633334999999999981e+00
1.635000000000000009e+00
1.636665000000000036e+00
1.638335000000000097e+00
1.639999999999999902e+00
1.641664999999999930e+00
1.643334999999999990e+00
1.645000000000000018e+00
1.646665000000000045e+00
1.648335000000000106e+00
1.649999999999999911e+00
1.651664999999999939e+00
1.653334999999999999e+00
1.655000000000000027e+00
1.656665000000000054e+00
1.658334999999999892e+00
1.659999999999999920e+00
1.661664999999999948e+00
1.663335000000000008e+00
1.665000000000000036e+00
1.666665000000000063e+00
1.668334999999999901e+00
1.669999999999999929e+00
1.671664999999999957e+00
1.673335000000000017e+00
1.675000000000000044e+00
1.676665000000000072e+00
1.678334999999999910e+00
1.679999999999999938e+00
1.681664999999999965e+00
1.683335000000000026e+00
1.685000000000000053e+00
1.686665000000000081e+00
1.688334999999999919e+00
1.689999999999999947e+00
1.691664999999999974e+00
1.693335000000000035e+00
1.695000000000000062e+00
1.696665000000000090e+00
1.698334999999999928e+00
1.699999999999999956e+00
1.701664999999999983e+00
1.703335000000000043e+00
1.705000000000000071e+00
1.706665000000000099e+00
1.708334999999999937e+00
1.709999999999999964e+00
1.711664999999999992e+00
1.713335000000000052e+00
1.715000000000000080e+00
1.716665000000000108e+00
1.718334999999999946e+00
1.719999999999999973e+00
1.721665000000000001e+00
1.723335000000000061e+00
1.725000000000000089e+00
1.726664999999999894e+00
1.728334999999999955e+00
1.729999999999999982e+00
1.731665000000000010e+00
1.733335000000000070e+00
1.735000000000000098e+00
1.736664999999999903e+00
1.738334999999999964e+00
1.739999999999999991e+00
1.741665000000000019e+00
1.743335000000000079e+00
1.745000000000000107e+00
1.746664999999999912e+00
1.748334999999999972e+00
1.750000000000000000e+00
1.751665000000000028e+00
1.753335000000000088e+00
1.754999999999999893e+00
1.756664999999999921e+00
1.758334999999999981e+00
1.760000000000000009e+00
1.761665000000000036e+00
1.763335000000000097e+00
1.764999999999999902e+00
1.766664999999999930e+00
1.768334999999999990e+00
1.770000000000000018e+00
1.771665000000000045e+00
1.773335000000000106e+00
1.774999999999999911e+00
1.776664999999999939e+00
1.778334999999999999e+00
1.780000000000000027e+00
1.781665000000000054e+00
1.783334999999999892e+00
1.784999999999999920e+00
1.786664999999999948e+00
1.788335000000000008e+00
1.790000000000000036e+00
1.791665000000000063e+00
1.793334999999999901e+00
1.794999999999999929e+00
1.796664999999999957e+00
1.798335000000000017e+00
1.800000000000000044e+00
1.801665000000000072e+00
1.803334999999999910e+00
1.804999999999999938e+00
1.806664999999999965e+00
1.808335000000000026e+00
1.810000000000000053e+00
1.811665000000000081e+00
1.813334999999999919e+00
1.814999999999999947e+00
1.816664999999999974e+00
1.818335000000000035e+00
1.820000000000000062e+00
1.821665000000000090e+00
1.823334999999999928e+00
1.824999999999999956e+00
1.826664999999999983e+00
1.828335000000000043e+00
1.830000000000000071e+00
1.831665000000000099e+00
1.833334999999999937e+00
1.834999999999999964e+00
1.836664999999999992e+00
1.838335000000000052e+00
1.840000000000000080e+00
1.841665000000000108e+00
1.843334999999999946e+00
1.844999999999999973e+00
1.846665000000000001e+00
1.848335000000000061e+00
1.850000000000000089e+00
1.851664999999999894e+00
1.853334999999999955e+00
1.854999999999999982e+00
1.856665000000000010e+00
1.858335000000000070e+00
1.860000000000000098e+00
1.861664999999999903e+00
1.863334999999999964e+00
1.864999999999999991e+00
1.866665000000000019e+00
1.868335000000000079e+00
1.870000000000000107e+00
1.871664999999999912e+00
1.873334999999999972e+00
1.875000000000000000e+00
1.876665000000000028e+00
1.878335000000000088e+00
1.879999999999999893e+00
1.881664999999999921e+00
1.883334999999999981e+00
1.885000000000000009e+00
1.886665000000000036e+00
1.888335000000000097e+00
1.889999999999999902e+00
1.891664999999999930e+00
1.893334999999999990e+00
1.895000000000000018e+00
1.896665000000000045e+00
1.898335000000000106e+00
1.899999999999999911e+00
1.901664999999999939e+00
1.903334999999999999e+00
1.905000000000000027e+00
1.906665000000000054e+00
1.908334999999999892e+00
1.909999999999999920e+00
1.911664999999999948e+00
1.913335000000000008e+00
1.915000000000000036e+00
1.916665000000000063e+00
1.918334999999999901e+00
1.919999999999999929e+00
1.921664999999999957e+00
1.923335000000000017e+00
1.925000000000000044e+00
1.926665000000000072e+00
1.928334999999999910e+00
1.929999999999999938e+00
1.931664999999999965e+00
1.933335000000000026e+00
1.935000000000000053e+00
1.936665000000000081e+00
1.938334999999999919e+00
1.939999999999999947e+00
1.941664999999999974e+00
1.943335000000000035e+00
1.945000000000000062e+00
1.946665000000000090e+00
1.948334999999999928e+00
1.949999999999999956e+00
1.951664999999999983e+00
1.953335000000000043e+00
1.955000000000000071e+00
1.956665000000000099e+00
1.958334999999999937e+00
1.959999999999999964e+00
1.961664999999999992e+00
1.963335000000000052e+00
1.965000000000000080e+00
1.966665000000000108e+00
1.968334999999999946e+00
1.969999999999999973e+00
1.971665000000000001e+00
1.973335000000000061e+00
1.975000000000000089e+00
1.976664999999999894e+00
1.978334999999999955e+00
1.979999999999999982e+00
1.981665000000000010e+00
1.983335000000000070e+00
1.985000000000000098e+00
1.986664999999999903e+00
1.988334999999999964e+00
1.989999999999999991e+00
1.991665000000000019e+00
1.993335000000000079e+00
1.995000000000000107e+00
1.996664999999999912e+00
1.998334999999999972e+00
2.000000000000000000e+00
2.001665000000000028e+00
2.003334999999999866e+00
2.004999999999999893e+00
2.006664999999999921e+00
2.008335000000000203e+00
2.009999999999999787e+00
2.011664999999999814e+00
2.013335000000000097e+00
2.015000000000000124e+00
2.016665000000000152e+00
2.018334999999999990e+00
2.020000000000000018e+00
2.021665000000000045e+00
2.023334999999999884e+00
2.024999999999999911e+00
2.026664999999999939e+00
2.028335000000000221e+00
2.029999999999999805e+00
2.031664999999999832e+00
2.033335000000000115e+00
2.035000000000000142e+00
2.036665000000000170e+00
2.038335000000000008e+00
2.040000000000000036e+00
2.041665000000000063e+00
2.043334999999999901e+00
2.044999999999999929e+00
2.046664999999999957e+00
2.048334999999999795e+00
2.049999999999999822e+00
2.051664999999999850e+00
2.053335000000000132e+00
2.055000000000000160e+00
2.056665000000000187e+00
2.058335000000000026e+00
2.060000000000000053e+00
2.061665000000000081e+00
2.063334999999999919e+00
2.064999999999999947e+00
2.066664999999999974e+00
2.068334999999999813e+00
2.069999999999999840e+00
2.071664999999999868e+00
2.073335000000000150e+00
2.075000000000000178e+00
2.076665000000000205e+00
2.078335000000000043e+00
2.080000000000000071e+00
2.081665000000000099e+00
2.083334999999999937e+00
2.084999999999999964e+00
2.086664999999999992e+00
2.088334999999999830e+00
2.089999999999999858e+00
2.091664999999999885e+00
2.093335000000000168e+00
2.095000000000000195e+00
2.096664999999999779e+00
2.098335000000000061e+00
2.100000000000000089e+00
2.101665000000000116e+00
2.103334999999999955e+00
2.104999999999999982e+00
2.106665000000000010e+00
2.108334999999999848e+00
2.109999999999999876e+00
2.111664999999999903e+00
2.113335000000000186e+00
2.115000000000000213e+00
2.116664999999999797e+00
2.118335000000000079e+00
2.120000000000000107e+00
2.121665000000000134e+00
2.123334999999999972e+00
2.125000000000000000e+00
2.126665000000000028e+00
2.128334999999999866e+00
2.129999999999999893e+00
2.131664999999999921e+00
2.133335000000000203e+00
2.134999999999999787e+00
2.136664999999999814e+00
2.138335000000000097e+00
2.140000000000000124e+00
2.141665000000000152e+00
2.143334999999999990e+00
2.145000000000000018e+00
2.146665000000000045e+00
2.148334999999999884e+00
2.149999999999999911e+00
2.151664999999999939e+00
2.153335000000000221e+00
2.154999999999999805e+00
2.156664999999999832e+00
2.158335000000000115e+00
2.160000000000000142e+00
2.161665000000000170e+00
2.163335000000000008e+00
2.165000000000000036e+00
2.166665000000000063e+00
2.168334999999999901e+00
2.169999999999999929e+00
2.171664999999999957e+00
2.173334999999999795e+00
2.174999999999999822e+00
2.176664999999999850e+00
2.178335000000000132e+00
2.180000000000000160e+00
2.181665000000000187e+00
2.183335000000000026e+00
2.185000000000000053e+00
2.186665000000000081e+00
2.188334999999999919e+00
2.189999999999999947e+00
2.191664999999999974e+00
2.193334999999999813e+00
2.194999999999999840e+00
2.196664999999999868e+00
2.198335000000000150e+00
2.200000000000000178e+00
2.201665000000000205e+00
2.203335000000000043e+00
2.205000000000000071e+00
2.206665000000000099e+00
2.208334999999999937e+00
2.209999999999999964e+00
2.211664999999999992e+00
2.213334999999999830e+00
2.214999999999999858e+00
2.216664999999999885e+00
2.218335000000000168e+00
2.220000000000000195e+00
2.221664999999999779e+00
2.223335000000000061e+00
2.225000000000000089e+00
2.226665000000000116e+00
2.228334999999999955e+00
2.229999999999999982e+00
2.231665000000000010e+00
2.233334999999999848e+00
2.234999999999999876e+00
2.236664999999999903e+00
2.238335000000000186e+00
2.240000000000000213e+00
2.241664999999999797e+00
2.243335000000000079e+00
2.245000000000000107e+00
2.246665000000000134e+00
2.248334999999999972e+00
2.250000000000000000e+00
2.251665000000000028e+00
2.253334999999999866e+00
2.254999999999999893e+00
2.256664999999999921e+00
2.258335000000000203e+00
2.259999999999999787e+00
2.261664999999999814e+00
2.263335000000000097e+00
2.265000000000000124e+00
2.266665000000000152e+00
2.268334999999999990e+00
2.270000000000000018e+00
2.271665000000000045e+00
2.273334999999999884e+00
2.274999999999999911e+00
2.276664999999999939e+00
2.278335000000000221e+00
2.279999999999999805e+00
2.281664999999999832e+00
2.283335000000000115e+00
2.285000000000000142e+00
2.286665000000000170e+00
2.288335000000000008e+00
2.290000000000000036e+00
2.291665000000000063e+00
2.293334999999999901e+00
2.294999999999999929e+00
2.296664999999999957e+00
2.298334999999999795e+00
2.299999999999999822e+00
2.301664999999999850e+00
2.303335000000000132e+00
2.305000000000000160e+00
2.306665000000000187e+00
2.308335000000000026e+00
2.310000000000000053e+00
2.311665000000000081e+00
2.313334999999999919e+00
2.314999999999999947e+00
2.316664999999999974e+00
2.318334999999999813e+00
2.319999999999999840e+00
2.321664999999999868e+00
2.323335000000000150e+00
2.325000000000000178e+00
2.326665000000000205e+00
2.328335000000000043e+00
2.330000000000000071e+00
2.331665000000000099e+00
2.333334999999999937e+00
2.334999999999999964e+00
2.336664999999999992e+00
2.338334999999999830e+00
2.339999999999999858e+00
2.341664999999999885e+00
2.343335000000000168e+00
2.345000000000000195e+00
2.346664999999999779e+00
2.348335000000000061e+00
2.350000000000000089e+00
2.351665000000000116e+00
2.353334999999999955e+00
2.354999999999999982e+00
2.356665000000000010e+00
2.358334999999999848e+00
2.359999999999999876e+00
2.361664999999999903e+00
2.363335000000000186e+00
2.365000000000000213e+00
2.366664999999999797e+00
2.368335000000000079e+00
2.370000000000000107e+00
2.371665000000000134e+00
2.373334999999999972e+00
2.375000000000000000e+00
2.376665000000000028e+00
2.378334999999999866e+00
2.379999999999999893e+00
2.381664999999999921e+00
2.383335000000000203e+00
2.384999999999999787e+00
2.386664999999999814e+00
2.388335000000000097e+00
2.390000000000000124e+00
2.391665000000000152e+00
2.393334999999999990e+00
2.395000000000000018e+00
2.396665000000000045e+00
2.398334999999999884e+00
2.399999999999999911e+00
2.401664999999999939e+00
2.403335000000000221e+00
2.404999999999999805e+00
2.406664999999999832e+00
2.408335000000000115e+00
2.410000000000000142e+00
2.411665000000000170e+00
2.413335000000000008e+00
2.415000000000000036e+00
2.416665000000000063e+00
2.418334999999999901e+00
2.419999999999999929e+00
2.421664999999999957e+00
2.423334999999999795e+00
2.424999999999999822e+00
2.426664999999999850e+00
2.428335000000000132e+00
2.430000000000000160e+00
2.431665000000000187e+00
2.433335000000000026e+00
2.435000000000000053e+00
2.436665000000000081e+00
2.438334999999999919e+00
2.439999999999999947e+00
2.441664999999999974e+00
2.443334999999999813e+00
2.444999999999999840e+00
2.446664999999999868e+00
2.448335000000000150e+00
2.450000000000000178e+00
2.451665000000000205e+00
2.453335000000000043e+00
2.455000000000000071e+00
2.456665000000000099e+00
2.458334999999999937e+00
2.459999999999999964e+00
2.461664999999999992e+00
2.463334999999999830e+00
2.464999999999999858e+00
2.466664999999999885e+00
2.468335000000000168e+00
2.470000000000000195e+00
2.471664999999999779e+00
2.473335000000000061e+00
2.475000000000000089e+00
2.476665000000000116e+00
2.478334999999999955e+00
2.479999999999999982e+00
2.481665000000000010e+00
2.483334999999999848e+00
2.484999999999999876e+00
2.486664999999999903e+00
2.488335000000000186e+00
2.490000000000000213e+00
2.491664999999999797e+00
2.493335000000000079e+00
2.495000000000000107e+00
2.496665000000000134e+00
2.498334999999999972e+00
2.500000000000000000e+00
2.501665000000000028e+00
2.503334999999999866e+00
2.504999999999999893e+00
2.506664999999999921e+00
2.508335000000000203e+00
2.509999999999999787e+00
2.511664999999999814e+00
2.513335000000000097e+00
2.515000000000000124e+00
2.516665000000000152e+00
2.518334999999999990e+00
2.520000000000000018e+00
2.521665000000000045e+00
2.523334999999999884e+00
2.524999999999999911e+00
2.526664999999999939e+00
2.528335000000000221e+00
2.529999999999999805e+00
2.531664999999999832e+00
2.533335000000000115e+00
2.535000000000000142e+00
2.536665000000000170e+00
2.538335000000000008e+00
2.540000000000000036e+00
2.541665000000000063e+00
2.543334999999999901e+00
2.544999999999999929e+00
2.546664999999999957e+00
2.548334999999999795e+00
2.549999999999999822e+00
2.551664999999999850e+00
2.553335000000000132e+00
2.555000000000000160e+00
2.556665000000000187e+00
2.558335000000000026e+00
2.560000000000000053e+00
2.561665000000000081e+00
2.563334999999999919e+00
2.564999999999999947e+00
2.566664999999999974e+00
2.568334999999999813e+00
2.569999999999999840e+00
2.571664999999999868e+00
2.573335000000000150e+00
2.575000000000000178e+00
2.576665000000000205e+00
2.578335000000000043e+00
2.580000000000000071e+00
2.581665000000000099e+00
2.583334999999999937e+00
2.584999999999999964e+00
2.586664999999999992e+00
2.588334999999999830e+00
2.589999999999999858e+00
2.591664999999999885e+00
2.593335000000000168e+00
2.595000000000000195e+00
2.596664999999999779e+00
2.598335000000000061e+00
2.600000000000000089e+00
2.601665000000000116e+00
2.603334999999999955e+00
2.604999999999999982e+00
2.606665000000000010e+00
2.608334999999999848e+00
2.609999999999999876e+00
2.611664999999999903e+00
2.613335000000000186e+00
2.615000000000000213e+00
2.616664999999999797e+00
2.618335000000000079e+00
2.620000000000000107e+00
2.621665000000000134e+00
2.623334999999999972e+00
2.625000000000000000e+00
2.626665000000000028e+00
2.628334999999999866e+00
2.629999999999999893e+00
2.631664999999999921e+00
2.633335000000000203e+00
2.634999999999999787e+00
2.636664999999999814e+00
2.638335000000000097e+00
2.640000000000000124e+00
2.641665000000000152e+00
2.643334999999999990e+00
2.645000000000000018e+00
2.646665000000000045e+00
2.648334999999999884e+00
2.649999999999999911e+00
2.651664999999999939e+00
2.653335000000000221e+00
2.654999999999999805e+00
2.656664999999999832e+00
2.658335000000000115e+00
2.660000000000000142e+00
2.661665000000000170e+00
2.663335000000000008e+00
2.665000000000000036e+00
2.666665000000000063e+00
2.668334999999999901e+00
2.669999999999999929e+00
2.671664999999999957e+00
2.673334999999999795e+00
2.674999999999999822e+00
2.676664999999999850e+00
2.678335000000000132e+00
2.680000000000000160e+00
2.681665000000000187e+00
2.683335000000000026e+00
2.685000000000000053e+00
2.686665000000000081e+00
2.688334999999999919e+00
2.689999999999999947e+00
2.691664999999999974e+00
2.693334999999999813e+00
2.694999999999999840e+00
2.696664999999999868e+00
2.698335000000000150e+00
2.700000000000000178e+00
2.701665000000000205e+00
2.703335000000000043e+00
2.705000000000000071e+00
2.706665000000000099e+00
2.708334999999999937e+00
2.709999999999999964e+00
2.711664999999999992e+00
2.713334999999999830e+00
2.714999999999999858e+00
2.716664999999999885e+00
2.718335000000000168e+00
2.720000000000000195e+00
2.721664999999999779e+00
2.723335000000000061e+00
2.725000000000000089e+00
2.726665000000000116e+00
2.728334999999999955e+00
2.729999999999999982e+00
2.731665000000000010e+00
2.733334999999999848e+00
2.734999999999999876e+00
2.736664999999999903e+00
2.738335000000000186e+00
2.740000000000000213e+00
2.741664999999999797e+00
2.743335000000000079e+00
2.745000000000000107e+00
2.746665000000000134e+00
2.748334999999999972e+00
2.750000000000000000e+00
2.751665000000000028e+00
2.753334999999999866e+00
2.754999999999999893e+00
2.756664999999999921e+00
2.758335000000000203e+00
2.759999999999999787e+00
2.761664999999999814e+00
2.763335000000000097e+00
2.765000000000000124e+00
2.766665000000000152e+00
2.768334999999999990e+00
2.770000000000000018e+00
2.771665000000000045e+00
2.773334999999999884e+00
2.774999999999999911e+00
2.776664999999999939e+00
2.778335000000000221e+00
2.779999999999999805e+00
2.781664999999999832e+00
2.783335000000000115e+00
2.785000000000000142e+00
2.786665000000000170e+00
2.788335000000000008e+00
2.790000000000000036e+00
2.791665000000000063e+00
2.793334999999999901e+00
2.794999999999999929e+00
2.796664999999999957e+00
2.798334999999999795e+00
2.799999999999999822e+00
2.801664999999999850e+00
2.803335000000000132e+00
2.805000000000000160e+00
2.806665000000000187e+00
2.808335000000000026e+00
2.810000000000000053e+00
2.811665000000000081e+00
2.813334999999999919e+00
2.814999999999999947e+00
2.816664999999999974e+00
2.818334999999999813e+00
2.819999999999999840e+00
2.821664999999999868e+00
2.823335000000000150e+00
2.825000000000000178e+00
2.826665000000000205e+00
2.828335000000000043e+00
2.830000000000000071e+00
2.831665000000000099e+00
2.833334999999999937e+00
2.834999999999999964e+00
2.836664999999999992e+00
2.838334999999999830e+00
2.839999999999999858e+00
2.841664999999999885e+00
2.843335000000000168e+00
2.845000000000000195e+00
2.846664999999999779e+00
2.848335000000000061e+00
2.850000000000000089e+00
2.851665000000000116e+00
2.853334999999999955e+00
2.854999999999999982e+00
2.856665000000000010e+00
2.858334999999999848e+00
2.859999999999999876e+00
2.861664999999999903e+00
2.863335000000000186e+00
2.865000000000000213e+00
2.866664999999999797e+00
2.868335000000000079e+00
2.870000000000000107e+00
2.871665000000000134e+00
2.873334999999999972e+00
2.875000000000000000e+00
2.876665000000000028e+00
2.878334999999999866e+00
2.879999999999999893e+00
2.881664999999999921e+00
2.883335000000000203e+00
2.884999999999999787e+00
2.886664999999999814e+00
2.888335000000000097e+00
2.890000000000000124e+00
2.891665000000000152e+00
2.893334999999999990e+00
2.895000000000000018e+00
2.896665000000000045e+00
2.898334999999999884e+00
2.899999999999999911e+00
2.901664999999999939e+00
2.903335000000000221e+00
2.904999999999999805e+00
2.906664999999999832e+00
2.908335000000000115e+00
2.910000000000000142e+00
2.911665000000000170e+00
2.913335000000000008e+00
2.915000000000000036e+00
2.916665000000000063e+00
2.918334999999999901e+00
2.919999999999999929e+00
2.921664999999999957e+00
2.923334999999999795e+00
2.924999999999999822e+00
2.926664999999999850e+00
2.928335000000000132e+00
2.930000000000000160e+00
2.931665000000000187e+00
2.933335000000000026e+00
2.935000000000000053e+00
2.936665000000000081e+00
2.938334999999999919e+00
2.939999999999999947e+00
2.941664999999999974e+00
2.943334999999999813e+00
2.944999999999999840e+00
2.946664999999999868e+00
2.948335000000000150e+00
2.950000000000000178e+00
2.951665000000000205e+00
2.953335000000000043e+00
2.955000000000000071e+00
2.956665000000000099e+00
2.958334999999999937e+00
2.959999999999999964e+00
2.961664999999999992e+00
2.963334999999999830e+00
2.964999999999999858e+00
2.966664999999999885e+00
2.968335000000000168e+00
2.970000000000000195e+00
2.971664999999999779e+00
2.973335000000000061e+00
2.975000000000000089e+00
2.976665000000000116e+00
2.978334999999999955e+00
2.979999999999999982e+00
2.981665000000000010e+00
2.983334999999999848e+00
2.984999999999999876e+00
2.986664999999999903e+00
2.988335000000000186e+00
2.990000000000000213e+00
2.991664999999999797e+00
2.993335000000000079e+00
2.995000000000000107e+00
2.996665000000000134e+00
2.998334999999999972e+00
3.000000000000000000e+00
3.001665000000000028e+00
3.003334999999999866e+00
3.004999999999999893e+00
3.006664999999999921e+00
3.008335000000000203e+00
3.009999999999999787e+00
3.011664999999999814e+00
3.013335000000000097e+00
3.015000000000000124e+00
3.016665000000000152e+00
3.018334999999999990e+00
3.020000000000000018e+00
3.021665000000000045e+00
3.023334999999999884e+00
3.024999999999999911e+00
3.026664999999999939e+00
3.028335000000000221e+00
3.029999999999999805e+00
3.031664999999999832e+00
3.033335000000000115e+00
3.035000000000000142e+00
3.036665000000000170e+00
3.038335000000000008e+00
3.040000000000000036e+00
3.041665000000000063e+00
3.043334999999999901e+00
3.044999999999999929e+00
3.046664999999999957e+00
3.048334999999999795e+00
3.049999999999999822e+00
3.051664999999999850e+00
3.053335000000000132e+00
3.055000000000000160e+00
3.056665000000000187e+00
3.058335000000000026e+00
3.060000000000000053e+00
3.061665000000000081e+00
3.063334999999999919e+00
3.064999999999999947e+00
3.066664999999999974e+00
3.068334999999999813e+00
3.069999999999999840e+00
3.071664999999999868e+00
3.073335000000000150e+00
3.075000000000000178e+00
3.076665000000000205e+00
3.078335000000000043e+00
3.080000000000000071e+00
3.081665000000000099e+00
3.083334999999999937e+00
3.084999999999999964e+00
3.086664999999999992e+00
3.088334999999999830e+00
3.089999999999999858e+00
3.091664999999999885e+00
3.093335000000000168e+00
3.095000000000000195e+00
3.096664999999999779e+00
3.098335000000000061e+00
3.100000000000000089e+00
3.101665000000000116e+00
3.103334999999999955e+00
3.104999999999999982e+00
3.106665000000000010e+00
3.108334999999999848e+00
3.109999999999999876e+00
3.111664999999999903e+00
3.113335000000000186e+00
3.115000000000000213e+00
3.116664999999999797e+00
3.118335000000000079e+00
3.120000000000000107e+00
3.121665000000000134e+00
3.123334999999999972e+00
3.125000000000000000e+00
3.126665000000000028e+00
3.128334999999999866e+00
3.129999999999999893e+00
3.131664999999999921e+00
3.133335000000000203e+00
3.134999999999999787e+00
3.136664999999999814e+00
3.138335000000000097e+00
3.140000000000000124e+00
3.141665000000000152e+00
3.143334999999999990e+00
3.145000000000000018e+00
3.146665000000000045e+00
3.148334999999999884e+00
3.149999999999999911e+00
3.151664999999999939e+00
3.153335000000000221e+00
3.154999999999999805e+00
3.156664999999999832e+00
3.158335000000000115e+00
3.160000000000000142e+00
3.161665000000000170e+00
3.163335000000000008e+00
3.165000000000000036e+00
3.166665000000000063e+00
3.168334999999999901e+00
3.169999999999999929e+00
3.171664999999999957e+00
3.173334999999999795e+00
3.174999999999999822e+00
3.176664999999999850e+00
3.178335000000000132e+00
3.180000000000000160e+00
3.181665000000000187e+00
3.183335000000000026e+00
3.185000000000000053e+00
3.186665000000000081e+00
3.188334999999999919e+00
3.189999999999999947e+00
3.191664999999999974e+00
3.193334999999999813e+00
3.194999999999999840e+00
3.196664999999999868e+00
3.198335000000000150e+00
3.200000000000000178e+00
3.201665000000000205e+00
3.203335000000000043e+00
3.205000000000000071e+00
3.206665000000000099e+00
3.208334999999999937e+00
3.209999999999999964e+00
3.211664999999999992e+00
3.213334999999999830e+00
3.214999999999999858e+00
3.216664999999999885e+00
3.218335000000000168e+00
3.220000000000000195e+00
3.221664999999999779e+00
3.223335000000000061e+00
3.225000000000000089e+00
3.226665000000000116e+00
3.228334999999999955e+00
3.229999999999999982e+00
3.231665000000000010e+00
3.233334999999999848e+00
3.234999999999999876e+00
3.236664999999999903e+00
3.238335000000000186e+00
3.240000000000000213e+00
3.241664999999999797e+00
3.243335000000000079e+00
3.245000000000000107e+00
3.246665000000000134e+00
3.248334999999999972e+00
3.250000000000000000e+00
3.251665000000000028e+00
3.253334999999999866e+00
3.254999999999999893e+00
3.256664999999999921e+00
3.258335000000000203e+00
3.259999999999999787e+00
3.261664999999999814e+00
3.263335000000000097e+00
3.265000000000000124e+00
3.266665000000000152e+00
3.268334999999999990e+00
3.270000000000000018e+00
3.271665000000000045e+00
3.273334999999999884e+00
3.274999999999999911e+00
3.276664999999999939e+00
3.278335000000000221e+00
3.279999999999999805e+00
3.281664999999999832e+00
3.283335000000000115e+00
3.285000000000000142e+00
3.286665000000000170e+00
3.288335000000000008e+00
3.290000000000000036e+00
3.291665000000000063e+00
3.293334999999999901e+00
3.294999999999999929e+00
3.296664999999999957e+00
3.298334999999999795e+00
3.299999999999999822e+00
3.301664999999999850e+00
3.303335000000000132e+00
3.305000000000000160e+00
3.306665000000000187e+00
3.308335000000000026e+00
3.310000000000000053e+00
3.311665000000000081e+00
3.313334999999999919e+00
3.314999999999999947e+00
3.316664999999999974e+00
3.318334999999999813e+00
3.319999999999999840e+00
3.321664999999999868e+00
3.323335000000000150e+00
3.325000000000000178e+00
3.326665000000000205e+00
3.328335000000000043e+00
3.330000000000000071e+00
3.331665000000000099e+00
3.333334999999999937e+00
3.334999999999999964e+00
3.336664999999999992e+00
3.338334999999999830e+00
3.339999999999999858e+00
3.341664999999999885e+00
3.343335000000000168e+00
3.345000000000000195e+00
3.346664999999999779e+00
3.348335000000000061e+00
3.350000000000000089e+00
3.351665000000000116e+00
3.353334999999999955e+00
3.354999999999999982e+00
3.356665000000000010e+00
3.358334999999999848e+00
3.359999999999999876e+00
3.361664999999999903e+00
3.363335000000000186e+00
3.365000000000000213e+00
3.366664999999999797e+00
3.368335000000000079e+00
3.370000000000000107e+00
3.371665000000000134e+00
3.373334999999999972e+00
3.375000000000000000e+00
3.376665000000000028e+00
3.378334999999999866e+00
3.379999999999999893e+00
3.381664999999999921e+00
3.383335000000000203e+00
3.384999999999999787e+00
3.386664999999999814e+00
3.388335000000000097e+00
3.390000000000000124e+00
3.391665000000000152e+00
3.393334999999999990e+00
3.395000000000000018e+00
3.396665000000000045e+00
3.398334999999999884e+00
3.399999999999999911e+00
3.401664999999999939e+00
3.403335000000000221e+00
3.404999999999999805e+00
3.406664999999999832e+00
3.408335000000000115e+00
3.410000000000000142e+00
3.411665000000000170e+00
3.413335000000000008e+00
3.415000000000000036e+00
3.416665000000000063e+00
3.418334999999999901e+00
3.419999999999999929e+00
3.421664999999999957e+00
3.423334999999999795e+00
3.424999999999999822e+00
3.426664999999999850e+00
3.428335000000000132e+00
3.430000000000000160e+00
3.431665000000000187e+00
3.433335000000000026e+00
3.435000000000000053e+00
3.436665000000000081e+00
3.438334999999999919e+00
3.439999999999999947e+00
3.441664999999999974e+00
3.443334999999999813e+00
3.444999999999999840e+00
3.446664999999999868e+00
3.448335000000000150e+00
3.450000000000000178e+00
3.451665000000000205e+00
3.453335000000000043e+00
3.455000000000000071e+00
3.456665000000000099e+00
3.458334999999999937e+00
3.459999999999999964e+00
3.461664999999999992e+00
3.463334999999999830e+00
3.464999999999999858e+00
3.466664999999999885e+00
3.468335000000000168e+00
3.470000000000000195e+00
3.471664999999999779e+00
3.473335000000000061e+00
3.475000000000000089e+00
3.476665000000000116e+00
3.478334999999999955e+00
3.479999999999999982e+00
3.481665000000000010e+00
3.483334999999999848e+00
3.484999999999999876e+00
3.486664999999999903e+00
3.488335000000000186e+00
3.490000000000000213e+00
3.491664999999999797e+00
3.493335000000000079e+00
3.495000000000000107e+00
3.496665000000000134e+00
3.498334999999999972e+00
3.500000000000000000e+00
3.501665000000000028e+00
3.503334999999999866e+00
3.504999999999999893e+00
3.506664999999999921e+00
3.508335000000000203e+00
3.509999999999999787e+00
3.511664999999999814e+00
3.513335000000000097e+00
3.515000000000000124e+00
3.516665000000000152e+00
3.518334999999999990e+00
3.520000000000000018e+00
3.521665000000000045e+00
3.523334999999999884e+00
3.524999999999999911e+00
3.526664999999999939e+00
3.528335000000000221e+00
3.529999999999999805e+00
3.531664999999999832e+00
3.533335000000000115e+00
3.535000000000000142e+00
3.536665000000000170e+00
3.538335000000000008e+00
3.540000000000000036e+00
3.541665000000000063e+00
3.543334999999999901e+00
3.544999999999999929e+00
3.546664999999999957e+00
3.548334999999999795e+00
3.549999999999999822e+00
3.551664999999999850e+00
3.553335000000000132e+00
3.555000000000000160e+00
3.556665000000000187e+00
3.558335000000000026e+00
3.560000000000000053e+00
3.561665000000000081e+00
3.563334999999999919e+00
3.564999999999999947e+00
3.566664999999999974e+00
3.568334999999999813e+00
3.569999999999999840e+00
3.571664999999999868e+00
3.573335000000000150e+00
3.575000000000000178e+00
3.576665000000000205e+00
3.578335000000000043e+00
3.580000000000000071e+00
3.581665000000000099e+00
3.583334999999999937e+00
3.584999999999999964e+00
3.586664999999999992e+00
3.588334999999999830e+00
3.589999999999999858e+00
3.591664999999999885e+00
3.593335000000000168e+00
3.595000000000000195e+00
3.596664999999999779e+00
3.598335000000000061e+00
3.600000000000000089e+00
3.601665000000000116e+00
3.603334999999999955e+00
3.604999999999999982e+00
3.606665000000000010e+00
3.608334999999999848e+00
3.609999999999999876e+00
3.611664999999999903e+00
3.613335000000000186e+00
3.615000000000000213e+00
3.616664999999999797e+00
3.618335000000000079e+00
3.620000000000000107e+00
3.621665000000000134e+00
3.623334999999999972e+00
3.625000000000000000e+00
3.626665000000000028e+00
3.628334999999999866e+00
3.629999999999999893e+00
3.631664999999999921e+00
3.633335000000000203e+00
3.634999999999999787e+00
3.636664999999999814e+00
3.638335000000000097e+00
3.640000000000000124e+00
3.641665000000000152e+00
3.643334999999999990e+00
3.645000000000000018e+00
3.646665000000000045e+00
3.648334999999999884e+00
3.649999999999999911e+00
3.651664999999999939e+00
3.653335000000000221e+00
3.654999999999999805e+00
3.656664999999999832e+00
3.658335000000000115e+00
3.660000000000000142e+00
3.661665000000000170e+00
3.663335000000000008e+00
3.665000000000000036e+00
3.666665000000000063e+00
3.668334999999999901e+00
3.669999999999999929e+00
3.671664999999999957e+00
3.673334999999999795e+00
3.674999999999999822e+00
3.676664999999999850e+00
3.678335000000000132e+00
3.680000000000000160e+00
3.681665000000000187e+00
3.683335000000000026e+00
3.685000000000000053e+00
3.686665000000000081e+00
3.688334999999999919e+00
3.689999999999999947e+00
3.691664999999999974e+00
3.693334999999999813e+00
3.694999999999999840e+00
3.696664999999999868e+00
3.698335000000000150e+00
3.700000000000000178e+00
3.701665000000000205e+00
3.703335000000000043e+00
3.705000000000000071e+00
3.706665000000000099e+00
3.708334999999999937e+00
3.709999999999999964e+00
3.711664999999999992e+00
3.713334999999999830e+00
3.714999999999999858e+00
3.716664999999999885e+00
3.718335000000000168e+00
3.720000000000000195e+00
3.721664999999999779e+00
3.723335000000000061e+00
3.725000000000000089e+00
3.726665000000000116e+00
3.728334999999999955e+00
3.729999999999999982e+00
3.731665000000000010e+00
3.733334999999999848e+00
3.734999999999999876e+00
3.736664999999999903e+00
3.738335000000000186e+00
3.740000000000000213e+00
3.741664999999999797e+00
3.743335000000000079e+00
3.745000000000000107e+00
3.746665000000000134e+00
3.748334999999999972e+00
3.750000000000000000e+00
3.751665000000000028e+00
3.753334999999999866e+00
3.754999999999999893e+00
3.756664999999999921e+00
3.758335000000000203e+00
3.759999999999999787e+00
3.761664999999999814e+00
3.763335000000000097e+00
3.765000000000000124e+00
3.766665000000000152e+00
3.768334999999999990e+00
3.770000000000000018e+00
3.771665000000000045e+00
3.773334999999999884e+00
3.774999999999999911e+00
3.776664999999999939e+00
3.778335000000000221e+00
3.779999999999999805e+00
3.781664999999999832e+00
3.783335000000000115e+00
3.785000000000000142e+00
3.786665000000000170e+00
3.788335000000000008e+00
3.790000000000000036e+00
3.791665000000000063e+00
3.793334999999999901e+00
3.794999999999999929e+00
3.796664999999999957e+00
3.798334999999999795e+00
3.799999999999999822e+00
3.801664999999999850e+00
3.803335000000000132e+00
3.805000000000000160e+00
3.806665000000000187e+00
3.808335000000000026e+00
3.810000000000000053e+00
3.811665000000000081e+00
3.813334999999999919e+00
3.814999999999999947e+00
3.816664999999999974e+00
3.818334999999999813e+00
3.819999999999999840e+00
3.821664999999999868e+00
3.823335000000000150e+00
3.825000000000000178e+00
3.826665000000000205e+00
3.828335000000000043e+00
3.830000000000000071e+00
3.831665000000000099e+00
3.833334999999999937e+00
3.834999999999999964e+00
3.836664999999999992e+00
3.838334999999999830e+00
3.839999999999999858e+00
3.841664999999999885e+00
3.843335000000000168e+00
3.845000000000000195e+00
3.846664999999999779e+00
3.848335000000000061e+00
3.850000000000000089e+00
3.851665000000000116e+00
3.853334999999999955e+00
3.854999999999999982e+00
3.856665000000000010e+00
3.858334999999999848e+00
3.859999999999999876e+00
3.861664999999999903e+00
3.863335000000000186e+00
3.865000000000000213e+00
3.866664999999999797e+00
3.868335000000000079e+00
3.870000000000000107e+00
3.871665000000000134e+00
3.873334999999999972e+00
3.875000000000000000e+00
3.876665000000000028e+00
3.878334999999999866e+00
3.879999999999999893e+00
3.881664999999999921e+00
3.883335000000000203e+00
3.884999999999999787e+00
3.886664999999999814e+00
3.888335000000000097e+00
3.890000000000000124e+00
3.891665000000000152e+00
3.893334999999999990e+00
3.895000000000000018e+00
3.896665000000000045e+00
3.898334999999999884e+00
3.899999999999999911e+00
3.901664999999999939e+00
3.903335000000000221e+00
3.904999999999999805e+00
3.906664999999999832e+00
3.908335000000000115e+00
3.910000000000000142e+00
3.911665000000000170e+00
3.913335000000000008e+00
3.915000000000000036e+00
3.916665000000000063e+00
3.918334999999999901e+00
3.919999999999999929e+00
3.921664999999999957e+00
3.923334999999999795e+00
3.924999999999999822e+00
3.926664999999999850e+00
3.928335000000000132e+00
3.930000000000000160e+00
3.931665000000000187e+00
3.933335000000000026e+00
3.935000000000000053e+00
3.936665000000000081e+00
3.938334999999999919e+00
3.939999999999999947e+00
3.941664999999999974e+00
3.943334999999999813e+00
3.944999999999999840e+00
3.946664999999999868e+00
3.948335000000000150e+00
3.950000000000000178e+00
3.951665000000000205e+00
3.953335000000000043e+00
3.955000000000000071e+00
3.956665000000000099e+00
3.958334999999999937e+00
3.959999999999999964e+00
3.961664999999999992e+00
3.963334999999999830e+00
3.964999999999999858e+00
3.966664999999999885e+00
3.968335000000000168e+00
3.970000000000000195e+00
3.971664999999999779e+00
3.973335000000000061e+00
3.975000000000000089e+00
3.976665000000000116e+00
3.978334999999999955e+00
3.979999999999999982e+00
3.981665000000000010e+00
3.983334999999999848e+00
3.984999999999999876e+00
3.986664999999999903e+00
3.988335000000000186e+00
3.990000000000000213e+00
3.991664999999999797e+00
3.993335000000000079e+00
3.995000000000000107e+00
3.996665000000000134e+00
3.998334999999999972e+00
4.000000000000000000e+00
4.001665000000000028e+00
4.003334999999999866e+00
4.004999999999999893e+00
4.006664999999999921e+00
4.008334999999999759e+00
4.009999999999999787e+00
4.011664999999999814e+00
4.013334999999999653e+00
4.014999999999999680e+00
4.016664999999999708e+00
4.018335000000000434e+00
4.019999999999999574e+00
4.021664999999999601e+00
4.023335000000000328e+00
4.025000000000000355e+00
4.026665000000000383e+00
4.028335000000000221e+00
4.030000000000000249e+00
4.031665000000000276e+00
4.033335000000000115e+00
4.035000000000000142e+00
4.036665000000000170e+00
4.038335000000000008e+00
4.040000000000000036e+00
4.041665000000000063e+00
4.043334999999999901e+00
4.044999999999999929e+00
4.046664999999999957e+00
4.048334999999999795e+00
4.049999999999999822e+00
4.051664999999999850e+00
4.053334999999999688e+00
4.054999999999999716e+00
4.056664999999999743e+00
4.058334999999999582e+00
4.059999999999999609e+00
4.061664999999999637e+00
4.063335000000000363e+00
4.065000000000000391e+00
4.066665000000000418e+00
4.068335000000000257e+00
4.070000000000000284e+00
4.071665000000000312e+00
4.073335000000000150e+00
4.075000000000000178e+00
4.076665000000000205e+00
4.078335000000000043e+00
4.080000000000000071e+00
4.081665000000000099e+00
4.083334999999999937e+00
4.084999999999999964e+00
4.086664999999999992e+00
4.088334999999999830e+00
4.089999999999999858e+00
4.091664999999999885e+00
4.093334999999999724e+00
4.094999999999999751e+00
4.096664999999999779e+00
4.098334999999999617e+00
4.099999999999999645e+00
4.101664999999999672e+00
4.103335000000000399e+00
4.105000000000000426e+00
4.106664999999999566e+00
4.108335000000000292e+00
4.110000000000000320e+00
4.111665000000000347e+00
4.113335000000000186e+00
4.115000000000000213e+00
4.116665000000000241e+00
4.118335000000000079e+00
4.120000000000000107e+00
4.121665000000000134e+00
4.123334999999999972e+00
4.125000000000000000e+00
4.126665000000000028e+00
4.128334999999999866e+00
4.129999999999999893e+00
4.131664999999999921e+00
4.133334999999999759e+00
4.134999999999999787e+00
4.136664999999999814e+00
4.138334999999999653e+00
4.139999999999999680e+00
4.141664999999999708e+00
4.143335000000000434e+00
4.144999999999999574e+00
4.146664999999999601e+00
4.148335000000000328e+00
4.150000000000000355e+00
4.151665000000000383e+00
4.153335000000000221e+00
4.155000000000000249e+00
4.156665000000000276e+00
4.158335000000000115e+00
4.160000000000000142e+00
4.161665000000000170e+00
4.163335000000000008e+00
4.165000000000000036e+00
4.166665000000000063e+00
4.168334999999999901e+00
4.169999999999999929e+00
4.171664999999999957e+00
4.173334999999999795e+00
4.174999999999999822e+00
4.176664999999999850e+00
4.178334999999999688e+00
4.179999999999999716e+00
4.181664999999999743e+00
4.183334999999999582e+00
4.184999999999999609e+00
4.186664999999999637e+00
4.188335000000000363e+00
4.190000000000000391e+00
4.191665000000000418e+00
4.193335000000000257e+00
4.195000000000000284e+00
4.196665000000000312e+00
4.198335000000000150e+00
4.200000000000000178e+00
4.201665000000000205e+00
4.203335000000000043e+00
4.205000000000000071e+00
4.206665000000000099e+00
4.208334999999999937e+00
4.209999999999999964e+00
4.211664999999999992e+00
4.213334999999999830e+00
4.214999999999999858e+00
4.216664999999999885e+00
4.218334999999999724e+00
4.219999999999999751e+00
4.221664999999999779e+00
4.223334999999999617e+00
4.224999999999999645e+00
4.226664999999999672e+00
4.228335000000000399e+00
4.230000000000000426e+00
4.231664999999999566e+00
4.233335000000000292e+00
4.235000000000000320e+00
4.236665000000000347e+00
4.238335000000000186e+00
4.240000000000000213e+00
4.241665000000000241e+00
4.243335000000000079e+00
4.245000000000000107e+00
4.246665000000000134e+00
4.248334999999999972e+00
4.250000000000000000e+00
4.251665000000000028e+00
4.253334999999999866e+00
4.254999999999999893e+00
4.256664999999999921e+00
4.258334999999999759e+00
4.259999999999999787e+00
4.261664999999999814e+00
4.263334999999999653e+00
4.264999999999999680e+00
4.266664999999999708e+00
4.268335000000000434e+00
4.269999999999999574e+00
4.271664999999999601e+00
4.273335000000000328e+00
4.275000000000000355e+00
4.276665000000000383e+00
4.278335000000000221e+00
4.280000000000000249e+00
4.281665000000000276e+00
4.283335000000000115e+00
4.285000000000000142e+00
4.286665000000000170e+00
4.288335000000000008e+00
4.290000000000000036e+00
4.291665000000000063e+00
4.293334999999999901e+00
4.294999999999999929e+00
4.296664999999999957e+00
4.298334999999999795e+00
4.299999999999999822e+00
4.301664999999999850e+00
4.303334999999999688e+00
4.304999999999999716e+00
4.306664999999999743e+00
4.308334999999999582e+00
4.309999999999999609e+00
4.311664999999999637e+00
4.313335000000000363e+00
4.315000000000000391e+00
4.316665000000000418e+00
4.318335000000000257e+00
4.320000000000000284e+00
4.321665000000000312e+00
4.323335000000000150e+00
4.325000000000000178e+00
4.326665000000000205e+00
4.328335000000000043e+00
4.330000000000000071e+00
4.331665000000000099e+00
4.333334999999999937e+00
4.334999999999999964e+00
4.336664999999999992e+00
4.338334999999999830e+00
4.339999999999999858e+00
4.341664999999999885e+00
4.343334999999999724e+00
4.344999999999999751e+00
4.346664999999999779e+00
4.348334999999999617e+00
4.349999999999999645e+00
4.351664999999999672e+00
4.353335000000000399e+00
4.355000000000000426e+00
4.356664999999999566e+00
4.358335000000000292e+00
4.360000000000000320e+00
4.361665000000000347e+00
4.363335000000000186e+00
4.365000000000000213e+00
4.366665000000000241e+00
4.368335000000000079e+00
4.370000000000000107e+00
4.371665000000000134e+00
4.373334999999999972e+00
4.375000000000000000e+00
4.376665000000000028e+00
4.378334999999999866e+00
4.379999999999999893e+00
4.381664999999999921e+00
4.383334999999999759e+00
4.384999999999999787e+00
4.386664999999999814e+00
4.388334999999999653e+00
4.389999999999999680e+00
4.391664999999999708e+00
4.393335000000000434e+00
4.394999999999999574e+00
4.396664999999999601e+00
4.398335000000000328e+00
4.400000000000000355e+00
4.401665000000000383e+00
4.403335000000000221e+00
4.405000000000000249e+00
4.406665000000000276e+00
4.408335000000000115e+00
4.410000000000000142e+00
4.411665000000000170e+00
4.413335000000000008e+00
4.415000000000000036e+00
4.416665000000000063e+00
4.418334999999999901e+00
4.419999999999999929e+00
4.421664999999999957e+00
4.423334999999999795e+00
4.424999999999999822e+00
4.426664999999999850e+00
4.428334999999999688e+00
4.429999999999999716e+00
4.431664999999999743e+00
4.433334999999999582e+00
4.434999999999999609e+00
4.436664999999999637e+00
4.438335000000000363e+00
4.440000000000000391e+00
4.441665000000000418e+00
4.443335000000000257e+00
4.445000000000000284e+00
4.446665000000000312e+00
4.448335000000000150e+00
4.450000000000000178e+00
4.451665000000000205e+00
4.453335000000000043e+00
4.455000000000000071e+00
4.456665000000000099e+00
4.458334999999999937e+00
4.459999999999999964e+00
4.461664999999999992e+00
4.463334999999999830e+00
4.464999999999999858e+00
4.466664999999999885e+00
4.468334999999999724e+00
4.469999999999999751e+00
4.471664999999999779e+00
4.473334999999999617e+00
4.474999999999999645e+00
4.476664999999999672e+00
4.478335000000000399e+00
4.480000000000000426e+00
4.481664999999999566e+00
4.483335000000000292e+00
4.485000000000000320e+00
4.486665000000000347e+00
4.488335000000000186e+00
4.490000000000000213e+00
4.491665000000000241e+00
4.493335000000000079e+00
4.495000000000000107e+00
4.496665000000000134e+00
4.498334999999999972e+00
4.500000000000000000e+00
4.501665000000000028e+00
4.503334999999999866e+00
4.504999999999999893e+00
4.506664999999999921e+00
4.508334999999999759e+00
4.509999999999999787e+00
4.511664999999999814e+00
4.513334999999999653e+00
4.514999999999999680e+00
4.516664999999999708e+00
4.518335000000000434e+00
4.519999999999999574e+00
4.521664999999999601e+00
4.523335000000000328e+00
4.525000000000000355e+00
4.526665000000000383e+00
4.528335000000000221e+00
4.530000000000000249e+00
4.531665000000000276e+00
4.533335000000000115e+00
4.535000000000000142e+00
4.536665000000000170e+00
4.538335000000000008e+00
4.540000000000000036e+00
4.541665000000000063e+00
4.543334999999999901e+00
4.544999999999999929e+00
4.546664999999999957e+00
4.548334999999999795e+00
4.549999999999999822e+00
4.551664999999999850e+00
4.553334999999999688e+00
4.554999999999999716e+00
4.556664999999999743e+00
4.558334999999999582e+00
4.559999999999999609e+00
4.561664999999999637e+00
4.563335000000000363e+00
4.565000000000000391e+00
4.566665000000000418e+00
4.568335000000000257e+00
4.570000000000000284e+00
4.571665000000000312e+00
4.573335000000000150e+00
4.575000000000000178e+00
4.576665000000000205e+00
4.578335000000000043e+00
4.580000000000000071e+00
4.581665000000000099e+00
4.583334999999999937e+00
4.584999999999999964e+00
4.586664999999999992e+00
4.588334999999999830e+00
4.589999999999999858e+00
4.591664999999999885e+00
4.593334999999999724e+00
4.594999999999999751e+00
4.596664999999999779e+00
4.598334999999999617e+00
4.599999999999999645e+00
4.601664999999999672e+00
4.603335000000000399e+00
4.605000000000000426e+00
4.606664999999999566e+00
4.608335000000000292e+00
4.610000000000000320e+00
4.611665000000000347e+00
4.613335000000000186e+00
4.615000000000000213e+00
4.616665000000000241e+00
4.618335000000000079e+00
4.620000000000000107e+00
4.621665000000000134e+00
4.623334999999999972e+00
4.625000000000000000e+00
4.626665000000000028e+00
4.628334999999999866e+00
4.629999999999999893e+00
4.631664999999999921e+00
4.633334999999999759e+00
4.634999999999999787e+00
4.636664999999999814e+00
4.638334999999999653e+00
4.639999999999999680e+00
4.641664999999999708e+00
4.643335000000000434e+00
4.644999999999999574e+00
4.646664999999999601e+00
4.648335000000000328e+00
4.650000000000000355e+00
4.651665000000000383e+00
4.653335000000000221e+00
4.655000000000000249e+00
4.656665000000000276e+00
4.658335000000000115e+00
4.660000000000000142e+00
4.661665000000000170e+00
4.663335000000000008e+00
4.665000000000000036e+00
4.666665000000000063e+00
4.668334999999999901e+00
4.669999999999999929e+00
4.671664999999999957e+00
4.673334999999999795e+00
4.674999999999999822e+00
4.676664999999999850e+00
4.678334999999999688e+00
4.679999999999999716e+00
4.681664999999999743e+00
4.683334999999999582e+00
4.684999999999999609e+00
4.686664999999999637e+00
4.688335000000000363e+00
4.690000000000000391e+00
4.691665000000000418e+00
4.693335000000000257e+00
4.695000000000000284e+00
4.696665000000000312e+00
4.698335000000000150e+00
4.700000000000000178e+00
4.701665000000000205e+00
4.703335000000000043e+00
4.705000000000000071e+00
4.706665000000000099e+00
4.708334999999999937e+00
4.709999999999999964e+00
4.711664999999999992e+00
4.713334999999999830e+00
4.714999999999999858e+00
4.716664999999999885e+00
4.718334999999999724e+00
4.719999999999999751e+00
4.721664999999999779e+00
4.723334999999999617e+00
4.724999999999999645e+00
4.726664999999999672e+00
4.728335000000000399e+00
4.730000000000000426e+00
4.731664999999999566e+00
4.733335000000000292e+00
4.735000000000000320e+00
4.736665000000000347e+00
4.738335000000000186e+00
4.740000000000000213e+00
4.741665000000000241e+00
4.743335000000000079e+00
4.745000000000000107e+00
4.746665000000000134e+00
4.748334999999999972e+00
4.750000000000000000e+00
4.751665000000000028e+00
4.753334999999999866e+00
4.754999999999999893e+00
4.756664999999999921e+00
4.758334999999999759e+00
4.759999999999999787e+00
4.761664999999999814e+00
4.763334999999999653e+00
4.764999999999999680e+00
4.766664999999999708e+00
4.768335000000000434e+00
4.769999999999999574e+00
4.771664999999999601e+00
4.773335000000000328e+00
4.775000000000000355e+00
4.776665000000000383e+00
4.778335000000000221e+00
4.780000000000000249e+00
4.781665000000000276e+00
4.783335000000000115e+00
4.785000000000000142e+00
4.786665000000000170e+00
4.788335000000000008e+00
4.790000000000000036e+00
4.791665000000000063e+00
4.793334999999999901e+00
4.794999999999999929e+00
4.796664999999999957e+00
4.798334999999999795e+00
4.799999999999999822e+00
4.801664999999999850e+00
4.803334999999999688e+00
4.804999999999999716e+00
4.806664999999999743e+00
4.808334999999999582e+00
4.809999999999999609e+00
4.811664999999999637e+00
4.813335000000000363e+00
4.815000000000000391e+00
4.816665000000000418e+00
4.818335000000000257e+00
4.820000000000000284e+00
4.821665000000000312e+00
4.823335000000000150e+00
4.825000000000000178e+00
4.826665000000000205e+00
4.828335000000000043e+00
4.830000000000000071e+00
4.831665000000000099e+00
4.833334999999999937e+00
4.834999999999999964e+00
4.836664999999999992e+00
4.838334999999999830e+00
4.839999999999999858e+00
4.841664999999999885e+00
4.843334999999999724e+00
4.844999999999999751e+00
4.846664999999999779e+00
4.848334999999999617e+00
4.849999999999999645e+00
4.851664999999999672e+00
4.853335000000000399e+00
4.855000000000000426e+00
4.856664999999999566e+00
4.858335000000000292e+00
4.860000000000000320e+00
4.861665000000000347e+00
4.863335000000000186e+00
4.865000000000000213e+00
4.866665000000000241e+00
4.868335000000000079e+00
4.870000000000000107e+00
4.871665000000000134e+00
4.873334999999999972e+00
4.875000000000000000e+00
4.876665000000000028e+00
4.878334999999999866e+00
4.879999999999999893e+00
4.881664999999999921e+00
4.883334999999999759e+00
4.884999999999999787e+00
4.886664999999999814e+00
4.888334999999999653e+00
4.889999999999999680e+00
4.891664999999999708e+00
4.893335000000000434e+00
4.894999999999999574e+00
4.896664999999999601e+00
4.898335000000000328e+00
4.900000000000000355e+00
4.901665000000000383e+00
4.903335000000000221e+00
4.905000000000000249e+00
4.906665000000000276e+00
4.908335000000000115e+00
4.910000000000000142e+00
4.911665000000000170e+00
4.913335000000000008e+00
4.915000000000000036e+00
4.916665000000000063e+00
4.918334999999999901e+00
4.919999999999999929e+00
4.921664999999999957e+00
4.923334999999999795e+00
4.924999999999999822e+00
4.926664999999999850e+00
4.928334999999999688e+00
4.929999999999999716e+00
4.931664999999999743e+00
4.933334999999999582e+00
4.934999999999999609e+00
4.936664999999999637e+00
4.938335000000000363e+00
4.940000000000000391e+00
4.941665000000000418e+00
4.943335000000000257e+00
4.945000000000000284e+00
4.946665000000000312e+00
4.948335000000000150e+00
4.950000000000000178e+00
4.951665000000000205e+00
4.953335000000000043e+00
4.955000000000000071e+00
4.956665000000000099e+00
4.958334999999999937e+00
4.959999999999999964e+00
4.961664999999999992e+00
4.963334999999999830e+00
4.964999999999999858e+00
4.966664999999999885e+00
4.968334999999999724e+00
4.969999999999999751e+00
4.971664999999999779e+00
4.973334999999999617e+00
4.974999999999999645e+00
4.976664999999999672e+00
4.978335000000000399e+00
4.980000000000000426e+00
4.981664999999999566e+00
4.983335000000000292e+00
4.985000000000000320e+00
4.986665000000000347e+00
4.988335000000000186e+00
4.990000000000000213e+00
4.991665000000000241e+00
4.993335000000000079e+00
4.995000000000000107e+00
4.996665000000000134e+00
4.998334999999999972e+00
5.000000000000000000e+00
5.001649999999999707e+00
5.003350000000000186e+00
5.004999999999999893e+00
5.006649999999999601e+00
5.008350000000000080e+00
5.009999999999999787e+00
5.011650000000000382e+00
5.013349999999999973e+00
5.014999999999999680e+00
5.016650000000000276e+00
5.018349999999999866e+00
5.019999999999999574e+00
5.021650000000000169e+00
5.023349999999999760e+00
5.025000000000000355e+00
5.026650000000000063e+00
5.028349999999999653e+00
5.030000000000000249e+00
5.031649999999999956e+00
5.033350000000000435e+00
5.035000000000000142e+00
5.036649999999999849e+00
5.038350000000000328e+00
5.040000000000000036e+00
5.041649999999999743e+00
5.043350000000000222e+00
5.044999999999999929e+00
5.046649999999999636e+00
5.048350000000000115e+00
5.049999999999999822e+00
5.051650000000000418e+00
5.053350000000000009e+00
5.054999999999999716e+00
5.056650000000000311e+00
5.058349999999999902e+00
5.059999999999999609e+00
5.061650000000000205e+00
5.063349999999999795e+00
5.065000000000000391e+00
5.066650000000000098e+00
5.068349999999999689e+00
5.070000000000000284e+00
5.071649999999999991e+00
5.073349999999999582e+00
5.075000000000000178e+00
5.076649999999999885e+00
5.078350000000000364e+00
5.080000000000000071e+00
5.081649999999999778e+00
5.083350000000000257e+00
5.084999999999999964e+00
5.086649999999999672e+00
5.088350000000000151e+00
5.089999999999999858e+00
5.091649999999999565e+00
5.093350000000000044e+00
5.094999999999999751e+00
5.096650000000000347e+00
5.098349999999999937e+00
5.099999999999999645e+00
5.101650000000000240e+00
5.103349999999999831e+00
5.105000000000000426e+00
5.106650000000000134e+00
5.108349999999999724e+00
5.110000000000000320e+00
5.111650000000000027e+00
5.113349999999999618e+00
5.115000000000000213e+00
5.116649999999999920e+00
5.118350000000000399e+00
5.120000000000000107e+00
5.121649999999999814e+00
5.123350000000000293e+00
5.125000000000000000e+00
5.126649999999999707e+00
5.128350000000000186e+00
5.129999999999999893e+00
5.131649999999999601e+00
5.133350000000000080e+00
5.134999999999999787e+00
5.136650000000000382e+00
5.138349999999999973e+00
5.139999999999999680e+00
5.141650000000000276e+00
5.143349999999999866e+00
5.144999999999999574e+00
5.146650000000000169e+00
5.148349999999999760e+00
5.150000000000000355e+00
5.151650000000000063e+00
5.153349999999999653e+00
5.155000000000000249e+00
5.156649999999999956e+00
5.158350000000000435e+00
5.160000000000000142e+00
5.161649999999999849e+00
5.163350000000000328e+00
5.165000000000000036e+00
5.166649999999999743e+00
5.168350000000000222e+00
5.169999999999999929e+00
5.171649999999999636e+00
5.173350000000000115e+00
5.174999999999999822e+00
5.176650000000000418e+00
5.178350000000000009e+00
5.179999999999999716e+00
5.181650000000000311e+00
5.183349999999999902e+00
5.184999999999999609e+00
5.186650000000000205e+00
5.188349999999999795e+00
5.190000000000000391e+00
5.191650000000000098e+00
5.193349999999999689e+00
5.195000000000000284e+00
5.196649999999999991e+00
5.198349999999999582e+00
5.200000000000000178e+00
5.201649999999999885e+00
5.203350000000000364e+00
5.205000000000000071e+00
5.206649999999999778e+00
5.208350000000000257e+00
5.209999999999999964e+00
5.211649999999999672e+00
5.213350000000000151e+00
5.214999999999999858e+00
5.216649999999999565e+00
5.218350000000000044e+00
5.219999999999999751e+00
5.221650000000000347e+00
5.223349999999999937e+00
5.224999999999999645e+00
5.226650000000000240e+00
5.228349999999999831e+00
5.230000000000000426e+00
5.231650000000000134e+00
5.233349999999999724e+00
5.235000000000000320e+00
5.236650000000000027e+00
5.238349999999999618e+00
5.240000000000000213e+00
5.241649999999999920e+00
5.243350000000000399e+00
5.245000000000000107e+00
5.246649999999999814e+00
5.248350000000000293e+00
5.250000000000000000e+00
5.251649999999999707e+00
5.253350000000000186e+00
5.254999999999999893e+00
5.256649999999999601e+00
5.258350000000000080e+00
5.259999999999999787e+00
5.261650000000000382e+00
5.263349999999999973e+00
5.264999999999999680e+00
5.266650000000000276e+00
5.268349999999999866e+00
5.269999999999999574e+00
5.271650000000000169e+00
5.273349999999999760e+00
5.275000000000000355e+00
5.276650000000000063e+00
5.278349999999999653e+00
5.280000000000000249e+00
5.281649999999999956e+00
5.283350000000000435e+00
5.285000000000000142e+00
5.286649999999999849e+00
5.288350000000000328e+00
5.290000000000000036e+00
5.291649999999999743e+00
5.293350000000000222e+00
5.294999999999999929e+00
5.296649999999999636e+00
5.298350000000000115e+00
5.299999999999999822e+00
5.301650000000000418e+00
5.303350000000000009e+00
5.304999999999999716e+00
5.306650000000000311e+00
5.308349999999999902e+00
5.309999999999999609e+00
5.311650000000000205e+00
5.313349999999999795e+00
5.315000000000000391e+00
5.316650000000000098e+00
5.318349999999999689e+00
5.320000000000000284e+00
5.321649999999999991e+00
5.323349999999999582e+00
5.325000000000000178e+00
5.326649999999999885e+00
5.328350000000000364e+00
5.330000000000000071e+00
5.331649999999999778e+00
5.333350000000000257e+00
5.334999999999999964e+00
5.336649999999999672e+00
5.338350000000000151e+00
5.339999999999999858e+00
5.341649999999999565e+00
5.343350000000000044e+00
5.344999999999999751e+00
5.346650000000000347e+00
5.348349999999999937e+00
5.349999999999999645e+00
5.351650000000000240e+00
5.353349999999999831e+00
5.355000000000000426e+00
5.356650000000000134e+00
5.358349999999999724e+00
5.360000000000000320e+00
5.361650000000000027e+00
5.363349999999999618e+00
5.365000000000000213e+00
5.366649999999999920e+00
5.368350000000000399e+00
5.370000000000000107e+00
5.371649999999999814e+00
5.373350000000000293e+00
5.375000000000000000e+00
5.376649999999999707e+00
5.378350000000000186e+00
5.379999999999999893e+00
5.381649999999999601e+00
5.383350000000000080e+00
5.384999999999999787e+00
5.386650000000000382e+00
5.388349999999999973e+00
5.389999999999999680e+00
5.391650000000000276e+00
5.393349999999999866e+00
5.394999999999999574e+00
5.396650000000000169e+00
5.398349999999999760e+00
5.400000000000000355e+00
5.401650000000000063e+00
5.403349999999999653e+00
5.405000000000000249e+00
5.406649999999999956e+00
5.408350000000000435e+00
5.410000000000000142e+00
5.411649999999999849e+00
5.413350000000000328e+00
5.415000000000000036e+00
5.416649999999999743e+00
5.418350000000000222e+00
5.419999999999999929e+00
5.421649999999999636e+00
5.423350000000000115e+00
5.424999999999999822e+00
5.426650000000000418e+00
5.428350000000000009e+00
5.429999999999999716e+00
5.431650000000000311e+00
5.433349999999999902e+00
5.434999999999999609e+00
5.436650000000000205e+00
5.438349999999999795e+00
5.440000000000000391e+00
5.441650000000000098e+00
5.443349999999999689e+00
5.445000000000000284e+00
5.446649999999999991e+00
5.448349999999999582e+00
5.450000000000000178e+00
5.451649999999999885e+00
5.453350000000000364e+00
5.455000000000000071e+00
5.456649999999999778e+00
5.458350000000000257e+00
5.459999999999999964e+00
5.461649999999999672e+00
5.463350000000000151e+00
5.464999999999999858e+00
5.466649999999999565e+00
5.468350000000000044e+00
5.469999999999999751e+00
5.471650000000000347e+00
5.473349999999999937e+00
5.474999999999999645e+00
5.476650000000000240e+00
5.478349999999999831e+00
5.480000000000000426e+00
5.481650000000000134e+00
5.483349999999999724e+00
5.485000000000000320e+00
5.486650000000000027e+00
5.488349999999999618e+00
5.490000000000000213e+00
5.491649999999999920e+00
5.493350000000000399e+00
5.495000000000000107e+00
5.496649999999999814e+00
5.498350000000000293e+00
5.500000000000000000e+00
5.501649999999999707e+00
5.503350000000000186e+00
5.504999999999999893e+00
5.506649999999999601e+00
5.508350000000000080e+00
5.509999999999999787e+00
5.511650000000000382e+00
5.513349999999999973e+00
5.514999999999999680e+00
5.516650000000000276e+00
5.518349999999999866e+00
5.519999999999999574e+00
5.521650000000000169e+00
5.523349999999999760e+00
5.525000000000000355e+00
5.526650000000000063e+00
5.528349999999999653e+00
5.530000000000000249e+00
5.531649999999999956e+00
5.533350000000000435e+00
5.535000000000000142e+00
5.536649999999999849e+00
5.538350000000000328e+00
5.540000000000000036e+00
5.541649999999999743e+00
5.543350000000000222e+00
5.544999999999999929e+00
5.546649999999999636e+00
5.548350000000000115e+00
5.549999999999999822e+00
5.551650000000000418e+00
5.553350000000000009e+00
5.554999999999999716e+00
5.556650000000000311e+00
5.558349999999999902e+00
5.559999999999999609e+00
5.561650000000000205e+00
5.563349999999999795e+00
5.565000000000000391e+00
5.566650000000000098e+00
5.568349999999999689e+00
5.570000000000000284e+00
5.571649999999999991e+00
5.573349999999999582e+00
5.575000000000000178e+00
5.576649999999999885e+00
5.578350000000000364e+00
5.580000000000000071e+00
5.581649999999999778e+00
5.583350000000000257e+00
5.584999999999999964e+00
5.586649999999999672e+00
5.588350000000000151e+00
5.589999999999999858e+00
5.591649999999999565e+00
5.593350000000000044e+00
5.594999999999999751e+00
5.596650000000000347e+00
5.598349999999999937e+00
5.599999999999999645e+00
5.601650000000000240e+00
5.603349999999999831e+00
5.605000000000000426e+00
5.606650000000000134e+00
5.608349999999999724e+00
5.610000000000000320e+00
5.611650000000000027e+00
5.613349999999999618e+00
5.615000000000000213e+00
5.616649999999999920e+00
5.618350000000000399e+00
5.620000000000000107e+00
5.621649999999999814e+00
5.623350000000000293e+00
5.625000000000000000e+00
5.626649999999999707e+00
5.628350000000000186e+00
5.629999999999999893e+00
5.631649999999999601e+00
5.633350000000000080e+00
5.634999999999999787e+00
5.636650000000000382e+00
5.638349999999999973e+00
5.639999999999999680e+00
5.641650000000000276e+00
5.643349999999999866e+00
5.644999999999999574e+00
5.646650000000000169e+00
5.648349999999999760e+00
5.650000000000000355e+00
5.651650000000000063e+00
5.653349999999999653e+00
5.655000000000000249e+00
5.656649999999999956e+00
5.658350000000000435e+00
5.660000000000000142e+00
5.661649999999999849e+00
5.663350000000000328e+00
5.665000000000000036e+00
5.666649999999999743e+00
5.668350000000000222e+00
5.669999999999999929e+00
5.671649999999999636e+00
5.673350000000000115e+00
5.674999999999999822e+00
5.676650000000000418e+00
5.678350000000000009e+00
5.679999999999999716e+00
5.681650000000000311e+00
5.683349999999999902e+00
5.684999999999999609e+00
5.686650000000000205e+00
5.688349999999999795e+00
5.690000000000000391e+00
5.691650000000000098e+00
5.693349999999999689e+00
5.695000000000000284e+00
5.696649999999999991e+00
5.698349999999999582e+00
5.700000000000000178e+00
5.701649999999999885e+00
5.703350000000000364e+00
5.705000000000000071e+00
5.706649999999999778e+00
5.708350000000000257e+00
5.709999999999999964e+00
5.711649999999999672e+00
5.713350000000000151e+00
5.714999999999999858e+00
5.716649999999999565e+00
5.718350000000000044e+00
5.719999999999999751e+00
5.721650000000000347e+00
5.723349999999999937e+00
5.724999999999999645e+00
5.726650000000000240e+00
5.728349999999999831e+00
5.730000000000000426e+00
5.731650000000000134e+00
5.733349999999999724e+00
5.735000000000000320e+00
5.736650000000000027e+00
5.738349999999999618e+00
5.740000000000000213e+00
5.741649999999999920e+00
5.743350000000000399e+00
5.745000000000000107e+00
5.746649999999999814e+00
5.748350000000000293e+00
5.750000000000000000e+00
5.751649999999999707e+00
5.753350000000000186e+00
5.754999999999999893e+00
5.756649999999999601e+00
5.758350000000000080e+00
5.759999999999999787e+00
5.761650000000000382e+00
5.763349999999999973e+00
5.764999999999999680e+00
5.766650000000000276e+00
5.768349999999999866e+00
5.769999999999999574e+00
5.771650000000000169e+00
5.773349999999999760e+00
5.775000000000000355e+00
5.776650000000000063e+00
5.778349999999999653e+00
5.780000000000000249e+00
5.781649999999999956e+00
5.783350000000000435e+00
5.785000000000000142e+00
5.786649999999999849e+00
5.788350000000000328e+00
5.790000000000000036e+00
5.791649999999999743e+00
5.793350000000000222e+00
5.794999999999999929e+00
5.796649999999999636e+00
5.798350000000000115e+00
5.799999999999999822e+00
5.801650000000000418e+00
5.803350000000000009e+00
5.804999999999999716e+00
5.806650000000000311e+00
5.808349999999999902e+00
5.809999999999999609e+00
5.811650000000000205e+00
5.813349999999999795e+00
5.815000000000000391e+00
5.816650000000000098e+00
5.818349999999999689e+00
5.820000000000000284e+00
5.821649999999999991e+00
5.823349999999999582e+00
5.825000000000000178e+00
5.826649999999999885e+00
5.828350000000000364e+00
5.830000000000000071e+00
5.831649999999999778e+00
5.833350000000000257e+00
5.834999999999999964e+00
5.836649999999999672e+00
5.838350000000000151e+00
5.839999999999999858e+00
5.841649999999999565e+00
5.843350000000000044e+00
5.844999999999999751e+00
5.846650000000000347e+00
5.848349999999999937e+00
5.849999999999999645e+00
5.851650000000000240e+00
5.853349999999999831e+00
5.855000000000000426e+00
5.856650000000000134e+00
5.858349999999999724e+00
5.860000000000000320e+00
5.861650000000000027e+00
5.863349999999999618e+00
5.865000000000000213e+00
5.866649999999999920e+00
5.868350000000000399e+00
5.870000000000000107e+00
5.871649999999999814e+00
5.873350000000000293e+00
5.875000000000000000e+00
5.876649999999999707e+00
5.878350000000000186e+00
5.879999999999999893e+00
5.881649999999999601e+00
5.883350000000000080e+00
5.884999999999999787e+00
5.886650000000000382e+00
5.888349999999999973e+00
5.889999999999999680e+00
5.891650000000000276e+00
5.893349999999999866e+00
5.894999999999999574e+00
5.896650000000000169e+00
5.898349999999999760e+00
5.900000000000000355e+00
5.901650000000000063e+00
5.903349999999999653e+00
5.905000000000000249e+00
5.906649999999999956e+00
5.908350000000000435e+00
5.910000000000000142e+00
5.911649999999999849e+00
5.913350000000000328e+00
5.915000000000000036e+00
5.916649999999999743e+00
5.918350000000000222e+00
5.919999999999999929e+00
5.921649999999999636e+00
5.923350000000000115e+00
5.924999999999999822e+00
5.926650000000000418e+00
5.928350000000000009e+00
5.929999999999999716e+00
5.931650000000000311e+00
5.933349999999999902e+00
5.934999999999999609e+00
5.936650000000000205e+00
5.938349999999999795e+00
5.940000000000000391e+00
5.941650000000000098e+00
5.943349999999999689e+00
5.945000000000000284e+00
5.946649999999999991e+00
5.948349999999999582e+00
5.950000000000000178e+00
5.951649999999999885e+00
5.953350000000000364e+00
5.955000000000000071e+00
5.956649999999999778e+00
5.958350000000000257e+00
5.959999999999999964e+00
5.961649999999999672e+00
5.963350000000000151e+00
5.964999999999999858e+00
5.966649999999999565e+00
5.968350000000000044e+00
5.969999999999999751e+00
5.971650000000000347e+00
5.973349999999999937e+00
5.974999999999999645e+00
5.976650000000000240e+00
5.978349999999999831e+00
5.980000000000000426e+00
5.981650000000000134e+00
5.983349999999999724e+00
5.985000000000000320e+00
5.986650000000000027e+00
5.988349999999999618e+00
5.990000000000000213e+00
5.991649999999999920e+00
5.993350000000000399e+00
5.995000000000000107e+00
5.996649999999999814e+00
5.998350000000000293e+00
